0   25   55.0   180.0 1 9
0   26   65.0   180.0 1 9
0   50   50.0   185.0 1 9
0   51   55.0   185.0 1 9
0   74   45.0   190.0 1 9
0   75   50.0   190.0 1 9
0   76   55.0   190.0 1 9
0   77   65.0   190.0 1 9
0   78   75.0   190.0 1 9
0   93   15.0   195.0 0 15
0   94   20.0   195.0 0 15
0   95   25.0   195.0 0 15
0   99   45.0   195.0 1 9
0  100   50.0   195.0 1 9
0  101   55.0   195.0 1 9
0  118   15.0   200.0 0 15
0  119   20.0   200.0 0 15
0  120   25.0   200.0 0 15
0  125   50.0   200.0 1 9
0  126   55.0   200.0 1 9
0  127   65.0   200.0 1 9
0  128   75.0   200.0 1 9
0  143   15.0   205.0 0 15
0  144   20.0   205.0 0 15
0  145   25.0   205.0 0 15
0  150   50.0   205.0 1 9
0  151   55.0   205.0 1 9
0  168   15.0   210.0 0 15
0  169   20.0   210.0 0 15
0  175   50.0   210.0 1 9
0  176   55.0   210.0 1 9
0  177   65.0   210.0 1 9
0  178   75.0   210.0 1 9
0  199   45.0   215.0 1 9
0  200   50.0   215.0 1 9
0  201   55.0   215.0 1 9
1   23   40.0   220.0 1 9
1   24   45.0   220.0 1 9
1   25   50.0   220.0 1 9
1   26   55.0   220.0 1 9
1   27   65.0   220.0 1 9
1   28   75.0   220.0 1 9
1   46   30.0   225.0 1 9
1   47   35.0   225.0 1 9
1   48   40.0   225.0 1 9
1   49   45.0   225.0 1 9
1   50   50.0   225.0 1 9
1   51   55.0   225.0 1 9
1   70   25.0   230.0 1 9
1   71   30.0   230.0 1 9
1   72   35.0   230.0 1 9
1   73   40.0   230.0 1 9
1   74   45.0   230.0 1 9
1   75   50.0   230.0 1 9
1   76   55.0   230.0 1 9
1   77   65.0   230.0 1 9
1   78   75.0   230.0 1 9
1   95   25.0   235.0 1 9
1   96   30.0   235.0 1 9
1   97   35.0   235.0 1 9
1   98   40.0   235.0 1 9
1   99   45.0   235.0 1 9
1  100   50.0   235.0 1 9
1  101   55.0   235.0 1 9
1  119   20.0   240.0 1 9
1  120   25.0   240.0 1 9
1  121   30.0   240.0 1 9
1  122   35.0   240.0 1 9
1  123   40.0   240.0 1 9
1  124   45.0   240.0 1 9
1  125   50.0   240.0 1 9
1  126   55.0   240.0 1 9
1  127   65.0   240.0 1 9
1  128   75.0   240.0 1 9
1  144   20.0   245.0 1 9
1  145   25.0   245.0 1 9
1  146   30.0   245.0 1 9
1  147   35.0   245.0 1 9
1  148   40.0   245.0 1 9
1  149   45.0   245.0 1 9
1  150   50.0   245.0 1 9
1  151   55.0   245.0 1 9
1  169   20.0   250.0 1 9
1  170   25.0   250.0 1 9
1  171   30.0   250.0 1 9
1  172   35.0   250.0 1 9
1  173   40.0   250.0 1 9
1  174   45.0   250.0 1 9
1  175   50.0   250.0 1 9
1  176   55.0   250.0 1 9
1  177   65.0   250.0 1 9
1  194   20.0   255.0 1 9
1  195   25.0   255.0 1 9
1  196   30.0   255.0 1 9
1  197   35.0   255.0 1 9
1  198   40.0   255.0 1 9
1  199   45.0   255.0 1 9
1  200   50.0   255.0 1 9
1  201   55.0   255.0 1 9
2   17   15.0   260.0 1 9
2   18   20.0   260.0 1 9
2   19   25.0   260.0 1 9
2   20   30.0   260.0 1 9
2   21   35.0   260.0 1 9
2   22   40.0   260.0 1 9
2   23   45.0   260.0 1 9
2   24   50.0   260.0 1 9
2   25   55.0   260.0 1 9
2   26   65.0   260.0 1 9
2   42   15.0   265.0 1 9
2   43   20.0   265.0 1 9
2   44   25.0   265.0 1 9
2   45   30.0   265.0 1 9
2   46   35.0   265.0 1 9
2   47   40.0   265.0 1 9
2   48   45.0   265.0 1 9
2   49   50.0   265.0 1 9
2   50   55.0   265.0 1 9
2   67   15.0   270.0 1 9
2   68   20.0   270.0 1 9
2   69   25.0   270.0 1 9
2   70   30.0   270.0 1 9
2   71   35.0   270.0 1 9
2   72   40.0   270.0 1 9
2   73   45.0   270.0 1 9
2   74   50.0   270.0 1 9
2   75   55.0   270.0 1 9
2   76   65.0   270.0 1 9
2   93   15.0   275.0 1 9
2   94   20.0   275.0 1 9
2   95   25.0   275.0 1 9
2   96   30.0   275.0 1 9
2   97   35.0   275.0 1 9
2   98   40.0   275.0 1 9
2   99   45.0   275.0 1 9
2  100   50.0   275.0 1 9
2  101   55.0   275.0 1 9
2  118   15.0   280.0 1 9
2  119   20.0   280.0 1 9
2  120   25.0   280.0 1 9
2  121   30.0   280.0 1 9
2  122   35.0   280.0 1 9
2  123   40.0   280.0 1 9
2  124   45.0   280.0 1 9
2  125   50.0   280.0 1 9
2  126   55.0   280.0 1 9
2  127   65.0   280.0 1 9
2  142   10.0   285.0 1 13
2  143   15.0   285.0 1 9
2  144   20.0   285.0 1 9
2  145   25.0   285.0 1 9
2  146   30.0   285.0 1 9
2  147   35.0   285.0 1 9
2  148   40.0   285.0 1 9
2  149   45.0   285.0 1 9
2  150   50.0   285.0 1 9
2  151   55.0   285.0 1 9
2  167   10.0   290.0 1 13
2  168   15.0   290.0 1 9
2  169   20.0   290.0 1 9
2  170   25.0   290.0 1 9
2  171   30.0   290.0 1 9
2  172   35.0   290.0 1 9
2  173   40.0   290.0 1 9
2  174   45.0   290.0 1 9
2  175   50.0   290.0 1 9
2  176   55.0   290.0 1 9
2  193   15.0   295.0 1 9
2  194   20.0   295.0 1 9
2  195   25.0   295.0 1 9
2  196   30.0   295.0 1 9
2  197   35.0   295.0 1 9
2  198   40.0   295.0 1 9
2  199   45.0   295.0 1 9
2  200   50.0   295.0 1 9
2  201   55.0   295.0 1 9
3   18   20.0   300.0 1 9
3   19   25.0   300.0 1 9
3   20   30.0   300.0 1 9
3   21   35.0   300.0 1 9
3   22   40.0   300.0 1 9
3   23   45.0   300.0 1 9
3   24   50.0   300.0 1 9
3   25   55.0   300.0 1 9
3   45   30.0   305.0 1 9
3   46   35.0   305.0 1 9
3   47   40.0   305.0 1 9
3   48   45.0   305.0 1 9
3   49   50.0   305.0 1 9
3   50   55.0   305.0 1 9
