69.67 -139.64
60.84 -139.97
60.85 -139.15
60.66 -138.29
60.24 -137.99
60.01 -136.99
60.26 -135.97
60.27 -135.28
60.22 -134.90
58.72 -132.51
57.05 -131.14
56.32 -129.26
55.34 -129.06
54.95	 -128.93
54.25 -130.18
54.24 -130.92
54.16 -132.88
54.27 -133.33
56.82 -136.67
58.15 -138.05
59.33 -141.61
59.60 -143.03
59.32 -144.90
59.47 -146.82
55.34 -155.08
54.30 -159.32
53.88 -162.38
53.31 -165.69
52.74 -167.5
53.93 -167.5
57.72 -158.84
58.00 -159.61
58.12 -162.08
59.30 -166.55
59.89 -168.32
60.61 -168.11
63.56 -165.42
63.95 -165.17
64.32 -167.26
65.62 -169.35
65.97 -169.01
67.09 -165.06
68.14 -167.66
68.41 -167.87
69.16 -167.42
69.39 -166.10
69.92 -164.49
70.56 -163.38
71.75 -157.66
71.87 -156.35
71.06 -149.34
70.65 -149.34
70.12 -140.67
70.00 -139.73
69.67 -139.64

