59.33 -141.61
59.60 -143.03
59.32 -144.90
59.47 -146.82
55.34 -155.08
54.30 -159.32
53.88 -162.38
53.31 -165.69
52.74 -167.5
53.93 -167.5
57.72 -158.84
58.00 -159.61
58.12 -162.08
59.30 -166.55
59.89 -168.32
60.61 -168.11
63.56 -165.42
63.95 -165.17
64.32 -167.26
65.62 -169.35
65.97 -169.01
67.09 -165.06
68.14 -167.66
68.41 -167.87
69.16 -167.42
69.39 -166.10
69.92 -164.49
70.56 -163.38
71.75 -157.66
71.87 -156.35
71.06 -149.34
70.65 -149.34
70.12 -140.67
70.00 -139.73
69.0000	-141.0000
72.0000	-129.0000
72.0000	-92.0833
73.9442	-70.4161
67.5325	-60.3036
65.0000	-60.0000
64.0000	-63.0000
61.0000	-63.0000
57.0000	-59.0000
53.0000	-54.0000
49.0000	-51.0000
45.0000	-51.0000
40.87 -69.50
40.06 -73.40
39.53 -73.51
37.96 -74.57
36.93 -75.26
35.19 -74.93
34.86 -75.15
33.46 -77.58
30.89 -80.83
28.74 -80.01
26.83 -79.46
25.50 -79.53
25.16 -79.62
24.61 -80.02
24.13 -81.00
24.07 -83.06
24.25 -83.44
24.52 -83.57
25.17 -83.17
25.60 -82.17
26.14 -82.58
27.63 -83.35
28.20 -83.39
28.76 -83.56
29.47 -84.10
29.17 -84.88
29.17 -85.37
29.27 -85.73
29.84 -86.42
29.69 -88.01
29.05 -88.46
28.57 -88.81
28.52 -90.88
29.09 -92.67
29.18 -93.60
27.80 -96.34
27.00 -96.82
26.03 -96.60
25.67 -96.69
25.45 -97.10
25.37 -97.60
25.99 -99.39
26.15 -99.58
29.18 -101.69
29.29 -102.25
28.75 -102.63
28.49 -103.01
28.53 -103.49
29.26 -104.91
31.52 -106.72
31.28 -107.69
30.91 -107.89
30.83 -108.21
30.84 -111.15
32.05 -115.12
32.08 -116.89
32.18 -117.51
32.38 -117.69
34.26 -121.16
39.11 -124.47
40.42 -125.07
48.39 -125.49
48.5000	-125.0000
48.3333	-128.0000
51.0000	-133.7500
54.0000	-136.0000
54.24 -130.92
54.16 -132.88
54.27 -133.33
56.82 -136.67
58.15 -138.05
59.33 -141.61







