47.94 -68.97
47.71 -69.85
45.70 -71.73
45.50 -74.76
44.12 -77.09
44.14 -78.81
43.92 -79.50
42.73 -81.15
43.56 -81.44
45.70 -81.99
46.42 -83.06
47.32 -84.44
48.80 -88.37
49.85 -94.83
49.91 -95.25
49.52 -95.76
49.46 -123.64
49.00 -124.08
48.85 -125.10
48.39 -125.49
40.42 -125.07
39.11 -124.47
34.26 -121.16
32.38 -117.69
32.18 -117.51
32.08 -116.89
32.05 -115.12
30.84 -111.15
30.83 -108.21
30.91 -107.89
31.28 -107.69
31.52 -106.72
29.26 -104.91
28.53 -103.49
28.49 -103.01
28.75 -102.63
29.29 -102.25
29.18 -101.69
26.15 -99.58
25.99 -99.39
25.37 -97.60
25.45 -97.10
25.67 -96.69
26.03 -96.60
27.00 -96.82
27.80 -96.34
29.18 -93.60
29.09 -92.67
28.52 -90.88
28.57 -88.81
29.05 -88.46
29.69 -88.01
29.84 -86.42
29.27 -85.73
29.17 -85.37
29.17 -84.88
29.47 -84.10
28.76 -83.56
28.20 -83.39
27.63 -83.35
26.14 -82.58
25.60 -82.17
25.17 -83.17
24.52 -83.57
24.25 -83.44
24.07 -83.06
24.13 -81.00
24.61 -80.02
25.16 -79.62
25.50 -79.53
26.83 -79.46
28.74 -80.01
30.89 -80.83
33.46 -77.58
34.86 -75.15
35.19 -74.93
36.93 -75.26
37.96 -74.57
39.53 -73.51
40.06 -73.40
40.87 -69.50
41.22 -69.28
42.43 -69.45
43.28 -69.42
43.30 -69.28
43.64 -68.02
44.44 -66.56
44.80 -66.27
45.09 -66.35
45.78 -66.76
45.96 -67.06
47.06 -67.04
47.39 -67.20
47.87 -68.21
47.94 -68.97
