1 34.603 -118.084	0
2 39.102 -77.543	0
3 35.174 -106.567	0
4 61.229 -149.780	0
5 33.380 -84.297	0
6 45.808 -108.540	0
7 42.736 -71.480	0
8 41.783 -88.331	0
9 41.297 -82.206	0
10 55.200 -162.715	0
11 32.831 -97.067	0
12 40.187 -105.127	0
13 21.313 -157.921	0
14 29.962 -95.331	0
15 30.699 -81.908	0
16 58.363 -134.585	0
17 38.880 -94.791	0
18 35.067 -89.955	0
19 25.825 -80.319	0
20 44.637 -93.152   0
21 40.784 -73.097	0
22 37.543 -122.016	0
23 40.786 -111.952	0
24 47.287 -122.188	0
25 18.431 -65.994	0
%usrconus.txt

