%PRN   Lat.  MT28 parameters                 scale_exp Default Name
120   -15.5    1    0  0   0   1    0  0   1  0  0   5    0   %AOR-E
122   -54.0  144 -133 11  43 146 -100 69 268 27 16   1    0   %AOR-W
124    21.5    1    0  0   0   1    0  0   1  0  0   5    0   %ARTEMIS
131    64.0    1    0  0   0   1    0  0   1  0  0   5    0   %IOR
134   178.0  177  -24 21 181  84   -2 -7 152 15  8   2    0   %POR
137  -107.0  157  484 48 510  63  -11 58  38  4  1   5    1   %CRE
138  -133.0  317  312 41 446  41  -59 22  28  3  1   5    1   %CRW
135   135.0    1    0  0   0   1    0  0   1  0  0   5    0   %MTSAT-1
136   140.0    1    0  0   0   1    0  0   1  0  0   5    0   %MTSAT-2
