0   23   45.0   180.0 1 9
0   24   50.0   180.0 1 9
0   25   55.0   180.0 1 9
0   48   40.0   185.0 1 9
0   49   45.0   185.0 1 9
0   50   50.0   185.0 1 9
0   51   55.0   185.0 1 9
0   73   40.0   190.0 1 9
0   74   45.0   190.0 1 9
0   75   50.0   190.0 1 9
0   76   55.0   190.0 1 9
0   93   15.0   195.0 0 15
0   94   20.0   195.0 0 15
0   95   25.0   195.0 0 15
0   97   35.0   195.0 1 9
0   98   40.0   195.0 1 9
0   99   45.0   195.0 1 9
0  100   50.0   195.0 1 9
0  101   55.0   195.0 1 9
0  118   15.0   200.0 0 15
0  119   20.0   200.0 0 15
0  120   25.0   200.0 0 15
0  122   35.0   200.0 1 9
0  123   40.0   200.0 1 9
0  124   45.0   200.0 1 9
0  125   50.0   200.0 1 9
0  126   55.0   200.0 1 9
0  143   15.0   205.0 0 15
0  144   20.0   205.0 0 15
0  145   25.0   205.0 0 15
0  147   35.0   205.0 1 9
0  148   40.0   205.0 1 9
0  149   45.0   205.0 1 9
0  150   50.0   205.0 1 9
0  151   55.0   205.0 1 9
0  168   15.0   210.0 0 15
0  169   20.0   210.0 0 15
0  170   25.0   210.0 0 15
0  172   35.0   210.0 1 9
0  173   40.0   210.0 1 9
0  174   45.0   210.0 1 9
0  175   50.0   210.0 1 9
0  176   55.0   210.0 1 9
0  193   15.0   215.0 0 15
0  194   20.0   215.0 0 15
0  195   25.0   215.0 0 15
0  196   30.0   215.0 1 9
0  197   35.0   215.0 1 9
0  198   40.0   215.0 1 9
0  199   45.0   215.0 1 9
0  200   50.0   215.0 1 9
0  201   55.0   215.0 1 9
1   20   25.0   220.0 1 9
1   21   30.0   220.0 1 9
1   22   35.0   220.0 1 9
1   23   40.0   220.0 1 9
1   24   45.0   220.0 1 9
1   25   50.0   220.0 1 9
1   26   55.0   220.0 1 9
1   45   25.0   225.0 1 9
1   46   30.0   225.0 1 9
1   47   35.0   225.0 1 9
1   48   40.0   225.0 1 9
1   49   45.0   225.0 1 9
1   50   50.0   225.0 1 9
1   51   55.0   225.0 1 9
1   69   20.0   230.0 1 13
1   70   25.0   230.0 1 9
1   71   30.0   230.0 1 9
1   72   35.0   230.0 1 9
1   73   40.0   230.0 1 9
1   74   45.0   230.0 1 9
1   75   50.0   230.0 1 9
1   76   55.0   230.0 1 9
1   93   15.0   235.0 1 13
1   94   20.0   235.0 1 9
1   95   25.0   235.0 1 9
1   96   30.0   235.0 1 9
1   97   35.0   235.0 1 9
1   98   40.0   235.0 1 9
1   99   45.0   235.0 1 9
1  100   50.0   235.0 1 9
1  101   55.0   235.0 1 9
1  117   10.0   240.0 1 13
1  118   15.0   240.0 1 13
1  119   20.0   240.0 1 9
1  120   25.0   240.0 1 9
1  121   30.0   240.0 1 9
1  122   35.0   240.0 1 9
1  123   40.0   240.0 1 9
1  124   45.0   240.0 1 9
1  125   50.0   240.0 1 9
1  126   55.0   240.0 1 9
1  141    5.0   245.0 1 13
1  142   10.0   245.0 1 13
1  143   15.0   245.0 1 13
1  144   20.0   245.0 1 9
1  145   25.0   245.0 1 9
1  146   30.0   245.0 1 9
1  147   35.0   245.0 1 9
1  148   40.0   245.0 1 9
1  149   45.0   245.0 1 9
1  150   50.0   245.0 1 9
1  151   55.0   245.0 1 9
1  166    5.0   250.0 1 13
1  167   10.0   250.0 1 13
1  168   15.0   250.0 1 13
1  169   20.0   250.0 1 9
1  170   25.0   250.0 1 9
1  171   30.0   250.0 1 9
1  172   35.0   250.0 1 9
1  173   40.0   250.0 1 9
1  174   45.0   250.0 1 9
1  175   50.0   250.0 1 9
1  176   55.0   250.0 1 9
1  191    5.0   255.0 1 13
1  192   10.0   255.0 1 13
1  193   15.0   255.0 1 13
1  194   20.0   255.0 1 9
1  195   25.0   255.0 1 9
1  196   30.0   255.0 1 9
1  197   35.0   255.0 1 9
1  198   40.0   255.0 1 9
1  199   45.0   255.0 1 9
1  200   50.0   255.0 1 9
1  201   55.0   255.0 1 9
2   15    5.0   260.0 1 13
2   16   10.0   260.0 1 13
2   17   15.0   260.0 1 13
2   18   20.0   260.0 1 9
2   19   25.0   260.0 1 9
2   20   30.0   260.0 1 9
2   21   35.0   260.0 1 9
2   22   40.0   260.0 1 9
2   23   45.0   260.0 1 9
2   24   50.0   260.0 1 9
2   25   55.0   260.0 1 9
2   40    5.0   265.0 1 13
2   41   10.0   265.0 1 13
2   42   15.0   265.0 1 9
2   43   20.0   265.0 1 9
2   44   25.0   265.0 1 9
2   45   30.0   265.0 1 9
2   46   35.0   265.0 1 9
2   47   40.0   265.0 1 9
2   48   45.0   265.0 1 9
2   49   50.0   265.0 1 9
2   50   55.0   265.0 1 9
2   65    5.0   270.0 1 13
2   66   10.0   270.0 1 13
2   67   15.0   270.0 1 9
2   68   20.0   270.0 1 9
2   69   25.0   270.0 1 9
2   70   30.0   270.0 1 9
2   71   35.0   270.0 1 9
2   72   40.0   270.0 1 9
2   73   45.0   270.0 1 9
2   74   50.0   270.0 1 9
2   75   55.0   270.0 1 9
2   91    5.0   275.0 1 13
2   92   10.0   275.0 1 13
2   93   15.0   275.0 1 9
2   94   20.0   275.0 1 9
2   95   25.0   275.0 1 9
2   96   30.0   275.0 1 9
2   97   35.0   275.0 1 9
2   98   40.0   275.0 1 9
2   99   45.0   275.0 1 9
2  100   50.0   275.0 1 9
2  101   55.0   275.0 1 9
2  116    5.0   280.0 1 13
2  117   10.0   280.0 1 13
2  118   15.0   280.0 1 9
2  119   20.0   280.0 1 9
2  120   25.0   280.0 1 9
2  121   30.0   280.0 1 9
2  122   35.0   280.0 1 9
2  123   40.0   280.0 1 9
2  124   45.0   280.0 1 9
2  125   50.0   280.0 1 9
2  126   55.0   280.0 1 9
2  141    5.0   285.0 1 13
2  142   10.0   285.0 1 13
2  143   15.0   285.0 1 9
2  144   20.0   285.0 1 9
2  145   25.0   285.0 1 9
2  146   30.0   285.0 1 9
2  147   35.0   285.0 1 9
2  148   40.0   285.0 1 9
2  149   45.0   285.0 1 9
2  150   50.0   285.0 1 9
2  151   55.0   285.0 1 9
2  166    5.0   290.0 1 13
2  167   10.0   290.0 1 13
2  168   15.0   290.0 1 9
2  169   20.0   290.0 1 9
2  170   25.0   290.0 1 9
2  171   30.0   290.0 1 9
2  172   35.0   290.0 1 9
2  173   40.0   290.0 1 9
2  174   45.0   290.0 1 9
2  175   50.0   290.0 1 9
2  176   55.0   290.0 1 9
2  192   10.0   295.0 1 13
2  193   15.0   295.0 1 9
2  194   20.0   295.0 1 9
2  195   25.0   295.0 1 9
2  196   30.0   295.0 1 9
2  197   35.0   295.0 1 9
2  198   40.0   295.0 1 9
2  199   45.0   295.0 1 9
2  200   50.0   295.0 1 9
2  201   55.0   295.0 1 9
3   18   20.0   300.0 1 9
3   19   25.0   300.0 1 9
3   20   30.0   300.0 1 9
3   21   35.0   300.0 1 9
3   22   40.0   300.0 1 9
3   23   45.0   300.0 1 9
3   24   50.0   300.0 1 9
3   25   55.0   300.0 1 9
3   45   30.0   305.0 1 9
3   46   35.0   305.0 1 9
3   47   40.0   305.0 1 9
3   48   45.0   305.0 1 9
3   49   50.0   305.0 1 9
3   50   55.0   305.0 1 9
3   71   30.0   310.0 1 9
3   72   35.0   310.0 1 9
3   73   40.0   310.0 1 9
3   74   45.0   310.0 1 9
3   75   50.0   310.0 1 9
3   76   55.0   310.0 1 9
3   97   35.0   315.0 1 9
3   98   40.0   315.0 1 9
3   99   45.0   315.0 1 9
3  100   50.0   315.0 1 9
3  101   55.0   315.0 1 9
3  123   40.0   320.0 1 9
3  124   45.0   320.0 1 9
3  125   50.0   320.0 1 9
3  126   55.0   320.0 1 9
3  148   40.0   325.0 1 9
3  149   45.0   325.0 1 9
3  150   50.0   325.0 1 9
3  151   55.0   325.0 1 9
9    1   60.0   180.0 1 9
9    2   60.0   185.0 1 9
9    3   60.0   190.0 1 9
9    4   60.0   195.0 1 9
9    5   60.0   200.0 1 9
9    6   60.0   205.0 1 9
9    7   60.0   210.0 1 9
9    8   60.0   215.0 1 9
9    9   60.0   220.0 1 9
9   10   60.0   225.0 1 9
9   11   60.0   230.0 1 9
9   12   60.0   235.0 1 9
9   13   60.0   240.0 1 9
9   14   60.0   245.0 1 9
9   15   60.0   250.0 1 9
9   16   60.0   255.0 1 9
9   17   60.0   260.0 1 9
9   18   60.0   265.0 1 9
9   19   60.0   270.0 1 9
9   20   60.0   275.0 1 9
9   21   60.0   280.0 1 9
9   22   60.0   285.0 1 9
9   23   60.0   290.0 1 9
9   24   60.0   295.0 1 9
9   25   60.0   300.0 1 9
9   26   60.0   305.0 1 9
9   27   60.0   310.0 1 9
9   28   60.0   315.0 1 9
9   29   60.0   320.0 1 9
9   30   60.0   325.0 1 9
9   73   65.0   180.0 1 9
9   74   65.0   190.0 1 9
9   75   65.0   200.0 1 9
9   76   65.0   210.0 1 9
9   77   65.0   220.0 1 9
9   78   65.0   230.0 1 9
9   79   65.0   240.0 1 9
9   80   65.0   250.0 1 9
9   81   65.0   260.0 1 9
9   82   65.0   270.0 1 9
9   83   65.0   280.0 1 9
9   84   65.0   290.0 1 9
9   85   65.0   300.0 1 9
9   86   65.0   310.0 1 9
9   87   65.0   320.0 1 9
9  109   70.0   180.0 1 9
9  110   70.0   190.0 1 9
9  111   70.0   200.0 1 9
9  112   70.0   210.0 1 9
9  113   70.0   220.0 1 9
9  114   70.0   230.0 1 9
9  115   70.0   240.0 1 9
9  116   70.0   250.0 1 9
9  117   70.0   260.0 1 9
9  118   70.0   270.0 1 9
9  119   70.0   280.0 1 9
9  120   70.0   290.0 1 9
9  121   70.0   300.0 1 9
9  122   70.0   310.0 1 9
9  123   70.0   320.0 1 9
9  145   75.0   180.0 1 9
9  146   75.0   190.0 1 9
9  147   75.0   200.0 1 9
9  148   75.0   210.0 1 9
9  149   75.0   220.0 1 9
9  150   75.0   230.0 1 9
9  151   75.0   240.0 1 9
9  152   75.0   250.0 1 9
9  153   75.0   260.0 1 9
9  154   75.0   270.0 1 9
9  155   75.0   280.0 1 9
9  181   85.0   180.0 1 9
9  182   85.0   210.0 1 9
9  183   85.0   240.0 1 9
9  184   85.0   270.0 1 9